 YEARMODA	   TEMP	   DEWP	  STP  	 VISIB	  WDSP	 MXSPD	   MAX  	  MIN  	PRCP
20130101	43.3	25.8	971.2	10	5.4	8.9	47.8	37.8	0
20130102	38.5	29.4	973.3	10	1.5	5.1	42.3	32	0
20130103	32	19.2	978	10	1.4	7	42.6	21.9	0
20130104	34.6	17.4	978.5	10	3.6	8.9	45.9	26.2	0
20130105	36	17.9	981	10	3.4	8	48.2	25.9	0
20130106	40.6	26.9	976.8	9.9	3.8	9.9	47.1	31.1	NA
20130107	40.6	26.1	981.6	10	2.2	12	44.8	30.7	0
20130108	36.9	23.8	984.7	10	3	13	56.3	24.1	0
20130109	39.1	30.5	983.9	10	2.9	13	62.8	25.3	0
20130110	46.1	29.6	987.9	10	2	8.9	57.2	29.3	0
20130111	44.8	33.2	983.9	10	3.5	9.9	49.3	36.3	NA
20130112	51	45.5	976.4	5.7	1.8	8.9	73.6	37.8	0
20130113	56.3	50.9	974.8	6.9	1.6	8	70.7	44.8	0
20130114	59.8	51.1	975	10	5.8	12	64.9	49.3	NA
20130115	40.4	37.9	981	4.8	5.1	12	49.1	37.6	0.35
20130116	40.5	38	973.9	5.8	2	11.1	50.9	36.5	0.96
20130117	45.5	37.7	973.5	10	4.1	8	49.5	36	0.03
20130118	36.6	20.1	981.2	9.3	3.7	13	42.4	31.3	0.01
20130119	39	22.1	983.2	10	6	15.9	54.9	27.9	0
20130120	47.6	23.2	971.7	10	9.4	17.1	57.4	37.9	0
20130121	39	11	972.2	10	5.7	21	50.9	28.2	0
20130122	25.6	-2.9	974.3	10	6.4	15.9	40.1	16.3	0
20130123	18	-0.9	979.6	10	1.2	8.9	32	6.4	0
20130124	24	10.6	978.3	7.9	4.6	15	30.2	12.7	NA
20130125	16.9	8.2	983.8	9.3	2.1	11.1	24.6	9	NA
20130126	28.1	19.2	975.6	10	1.3	8	39.6	18	0
20130127	27.6	18	986.9	9.5	1.5	8	40.6	16.2	0
20130128	39.4	31.4	983	8.2	5.2	14	57.2	31.5	0.11
20130129	57.5	46.5	975.9	9.4	5.4	12	75.4	43.3	0
20130130	63.5	53.9	966.7	9.6	8.6	19	69.3	52.7	0.03
20130131	45.7	33.2	958.2	9.2	10.6	19	57.7	32.9	2.14
20130201	28.7	9.7	973.9	9.7	7.9	22	40.3	21.2	0
20130202	21.9	8.3	980.4	9.4	3.5	15	34.3	14.2	NA
20130203	30.9	22.3	969.2	9.3	3.9	12	39.6	23.4	NA
20130204	30.6	14.2	971.6	9.6	6.1	13	39.2	22.1	NA
20130205	42.8	28.1	968.3	10	7.1	15.9	53.4	32	0
20130206	40.8	27	973.7	10	3.2	8.9	51.4	29.1	0
20130207	34	25.2	982.7	9.4	2.8	8.9	41.9	25	0
20130208	36.9	30.5	972.5	5.3	1.2	15.9	46.6	32.9	0.09
20130209	37.2	15.3	976.7	10	6.7	18.1	47.3	28	0
20130210	30.6	14.5	984.2	10	3.2	9.9	46	15.4	0
20130211	48.3	35	973.6	10	6.1	14	64.4	38.7	0.01
20130212	52.1	19.3	969.8	10	6.7	13	62.6	39.6	0
20130213	40.5	24.8	966.8	9.5	1.5	8	53.6	31.6	0.04
20130214	37.3	28.4	968.9	5.7	2.2	8	50.4	25.5	0.01
20130215	39.3	26.9	971.8	10	2.9	13	59.2	23.9	NA
20130216	35.8	29.4	970.6	8.2	4.3	12	41.9	32.4	0.05
20130217	26.5	6.6	971	10	9	17.1	32.4	21.2	0
20130218	27.6	7.4	980.3	10	3.3	12	49.3	12	0
20130219	40.3	27.5	971.8	9.8	6.6	15.9	51.8	31.1	0.03
20130220	36.8	13	970.6	10	7	14	43.9	26.8	0
20130221	30	12.3	977.4	10	2.4	9.9	44.1	19.2	0
20130222	33.2	21	981.2	9.7	4.2	8.9	38.1	29.7	0.01
20130223	39.3	31.5	973.8	10	2.5	8	52	34.7	0
20130224	42.2	30.3	968.1	6.2	2.6	9.9	55.4	32	0
20130225	34.3	18.4	977	10	4.1	15	44.6	21.7	NA
20130226	31.7	24.8	974.5	7.8	1.8	11.1	39.7	23.9	0.66
20130227	42.9	35.5	961.3	6	4.5	15	52.2	36.1	0.03
20130228	40.8	26.8	962.2	10	5	12	52.2	33.4	0
20130301	38.6	25.3	966.8	10	3.7	8	45.1	34.9	0
20130302	34.4	21	968.2	9.7	4.7	9.9	37.4	32	NA
20130303	31.7	16.4	967.9	10	3.6	14	43	20.7	0
20130304	30.6	10.2	971.8	10	3.7	8.9	50	14.5	0
20130305	38	19.3	972.5	10	1.4	8	51.3	26.4	0
20130306	35.9	31.6	964	3.6	7.3	15	44.6	32.7	0.39
20130307	39.7	27.3	975.8	10	6.5	13	43.5	35.8	0
20130308	38.6	25.1	980	10	6.2	15	44.6	32.5	0
20130309	34.9	22.7	983.4	9.7	0.7	5.1	50.2	20.3	0
20130310	39.6	26	981.5	9.6	1.8	7	62.8	24.4	0
20130311	50.3	29.7	976.3	10	4.9	13	57.7	39.7	0
20130312	56.7	46.4	966.9	9.3	6.4	13	61.9	48.4	0.6
20130313	40	24.3	971.5	10	5.4	18.1	48.2	30.6	0.1
20130314	36.3	13.5	976.1	10	8.2	15	48.4	25.9	0
20130315	41.7	19.5	973.2	10	6.2	17.1	60.8	25.7	0
20130316	50.9	39.4	964.8	9.8	3.3	17.1	65.3	36	0.07
20130317	40.2	37	972.5	4.6	5	13	58.5	34.7	0.15
20130318	33.5	31.3	978.2	4.3	2.3	6	34.7	32.4	0.29
20130319	42.7	28.8	966.9	8.8	6.7	22	59	34	0.18
20130320	42.8	7.6	970.7	10	7.9	19	52.5	30.2	0
20130321	34.2	14.7	965.9	9.9	7.2	15.9	45.5	28.8	NA
20130322	33.1	10.5	970	10	5.2	12	50.2	22.3	0
20130323	37.7	16.2	971.8	10	1.7	11.1	57.4	20.1	0
20130324	35.4	23.1	968.6	8.1	0.9	7	49.1	28	0.22
20130325	33.6	31.4	958.4	4.3	1.3	7	38.3	30.2	0.16
20130326	38	27.6	966.5	9.7	3.6	11.1	46.4	32	NA
20130327	38.7	24.6	975.4	10	6.9	15.9	46.9	29.7	0
20130328	40.6	23.1	978.2	10	6.2	12	48.6	32.7	0
20130329	43.1	25.9	980.3	10	2.6	8.9	57.6	29.3	0
20130330	43.2	24.8	978.9	10	1.9	8.9	61.5	25.7	0
20130331	45.7	37.9	971	9.3	2.4	13	58.8	37.8	0.02
20130401	50.8	37.5	967.2	10	5.5	19	62.1	35.6	NA
20130402	41	14.3	974.3	10	4	13	51.3	28.4	0
20130403	38.3	12.7	979.5	10	4	13	54.7	22.8	0
20130404	37	15.3	982.7	10	4	9.9	46.8	25	0.04
20130405	44.2	33	971.8	4.9	1.6	11.1	66	35.1	0.36
20130406	47.7	21	978.1	10	3.7	8	61	33.3	0
20130407	54.8	30.9	977.8	10	7.8	17.1	72	41	0
20130408	62.6	41.7	974.7	10	4.8	14	80.8	41.9	0
20130409	69.7	47.9	975	10	5	15	85.3	50	0
20130410	74.5	50.5	972.8	10	5.5	15	90	59.4	0
20130411	72.6	51.9	968.5	10	4.9	12	85.3	53.8	0
20130412	71.2	55.6	962.5	9.6	8.1	17.1	78.1	61.7	0.77
20130413	57.8	33.6	968	10	5.4	17.1	72.5	38.1	0
20130414	58.1	32.5	973.9	10	2.9	11.1	76.3	38.5	0
20130415	58.8	46.8	978	9	2.2	8.9	69.1	52.3	0.3
20130416	62.7	55.3	980.8	9.8	5.6	11.1	75.6	56.3	0.04
20130417	68.9	57.3	978.9	8.8	1.5	6	82.6	58.3	0.03
20130418	68.8	59.5	977.9	9.4	5.2	15	77.4	63.1	0
20130419	69.6	58.3	968	9.8	10.4	15.9	74.7	64.4	0.2
20130420	53.7	30.6	972.2	10	6.6	11.1	64.4	41.2	0
20130421	47.5	27	986.9	10	4.1	9.9	57	35.6	0
20130422	46.1	29.2	988.1	10	2.5	8	60.1	32.9	0
20130423	52.7	38	981.6	10	3.8	8	68.4	44.6	0
20130424	60	45.9	973.4	10	4.8	18.1	79.2	43.7	0.02
20130425	55.1	34.9	978	10	5.7	15	67.1	37.4	0
20130426	52.5	30.2	984.6	10	2.9	7	67.8	33.4	0
20130427	57.9	39	984.4	10	2.1	8	72.1	42.1	0
20130428	56.7	46.1	980.3	9.4	4.7	14	65.5	53.1	0.08
20130429	57.6	49.9	975.4	9.9	2	8	69.4	52.3	NA
20130430	59.9	52.9	977.1	9.5	3.3	11.1	65.7	55.2	NA
20130501	61.1	46.8	983.7	9.3	4.3	9.9	72.7	53.6	NA
20130502	61.2	40.1	985	9.9	3.6	8.9	73.4	46.9	0
20130503	53.7	42.1	983.3	9.1	2.3	11.1	66.9	39.6	0
20130504	53	40.5	981.1	10	4	11.1	66.2	36.9	0
20130505	53.3	38.5	978.4	10	3.7	8.9	64.9	37.2	0
20130506	55.9	49.2	975.9	8.2	6.1	12	61	50.2	0.03
20130507	59.8	56.6	971.6	8.5	6.9	14	65.8	53.6	0.61
20130508	55.3	52.6	971.9	7.1	2.4	7	60.8	51.8	0.81
20130509	61.8	50.1	972.9	6	2.7	13	80.1	45.7	0.18
20130510	67.2	52.5	973.7	9.8	3.2	13	83.8	49.3	0
20130511	67.8	58.7	968.7	9.5	6.4	13	79.2	60.1	0.3
20130512	60.8	39.6	968.5	10	6.4	17.1	70.3	49.6	0
20130513	49.1	29.9	975.5	10	4	15	59.2	35.8	NA
20130514	49.5	33.2	978.1	9.9	3.3	9.9	70.7	32.2	0
20130515	68.6	46.7	971.1	10	5.5	15	93.4	49.6	0
20130516	74.6	53.3	969.5	10	3.2	21	86	63	0.13
20130517	69.2	56.4	975	9.6	1.8	8.9	81.7	54.9	0.08
20130518	66.8	61.9	978.2	9.2	2.4	7	72.5	63.1	NA
20130519	65.7	60.4	978.3	9.7	2.7	8	71.2	62.6	0.01
20130520	71.2	63.9	975.9	8	2.6	9.9	83.5	63.7	0.01
20130521	72	62.3	973.3	8.1	2.2	8	88.7	60.1	0.01
20130522	76.7	63.9	970.9	8.4	4.3	12	89.6	61.5	0
20130523	70.8	63.2	969.9	8	4.2	11.1	81.3	64	0.76
20130524	61.9	49.7	971.1	9.8	8.2	18.1	74.3	55.4	0.3
20130525	51.8	30.5	979.6	10	5.5	17.1	68.9	34.9	0
20130526	56.5	35.1	980	9.3	2.4	8.9	75.2	39.7	0
20130527	55.4	40.5	981.6	10	0.7	5.1	69.4	38.7	0
20130528	66.7	54.4	978.5	10	3.8	12	84.2	52.2	0
20130529	73.6	57.3	977.8	10	4.4	11.1	86.4	60.6	0.03
20130530	74.2	57.4	979.4	9.7	3	8.9	87.8	56.3	0
20130531	72.7	57	978.8	9.8	4.1	13	88	55.6	0
20130601	75	59.7	974.8	10	4.9	11.1	87.1	61.2	0
20130602	74.1	60.4	971.2	10	6	13	82.8	66.9	0
20130603	71.7	59.9	969.9	10	3.7	13	80.1	65.7	NA
20130604	65.7	47.6	975.2	9.8	3.4	12	75.2	55.6	0
20130605	66.3	50.5	977.5	10	2.7	9.9	77.4	55.6	0
20130606	63.6	56	973.4	7.1	3.1	7	71.8	59	0.04
20130607	64.3	62.3	966.3	4.4	3.4	11.1	68.2	62.6	1.92
20130608	66.3	57.6	969.9	7.6	1.4	7	80.4	55.6	0.08
20130609	67.6	60.4	977.6	7.9	1.3	8.9	79.7	58.1	0.05
20130610	70.4	65.8	973.6	7.3	3.4	11.1	80.4	65.7	0.46
20130611	70.7	59.4	969.6	10	5.2	11.1	79.7	61.5	0
20130612	74.1	60.2	970.7	10	3.3	11.1	88.9	62.4	0
20130613	72.9	65.4	965	9.1	4.3	13	82.6	67.5	0.06
20130614	66.9	50.7	967.9	10	6.7	14	76.3	56.3	0
20130615	65.4	51.5	975.5	9	1.5	7	80.6	49.5	0
20130616	69.6	57.8	974.3	9.6	3.5	11.1	81.1	56.3	NA
20130617	71.2	63.3	973.1	9.6	3.2	12	83.5	64.8	0.03
20130618	66.3	62.5	970.5	7.7	2.3	9.9	72	62.6	0.31
20130619	65.3	59.3	973.4	6.6	2.1	8.9	76.6	56.5	0.12
20130620	69.1	60.7	980	8.9	3.5	11.1	76.8	61.5	0
20130621	70.4	57	982.2	10	2.3	8	80.8	57	0
20130622	70.1	57.4	981.4	9.8	2.3	8	83.7	55.4	0
20130623	73.6	63	979.3	10	1.5	7	84.9	65.3	NA
20130624	73.5	62	978.8	9.8	2.2	22	88	61.7	NA
20130625	74.4	65.2	976	8.1	2.3	19	87.6	63.5	0.02
20130626	75	66.3	972	9	2.6	9.9	87.1	68	0
20130627	73	65.2	967.1	8.5	3.6	13	82.4	63.7	0.25
20130628	77.4	61.6	961.7	10	6.4	13	89.1	68.2	0
20130629	72.5	57.2	961.4	10	3.3	11.1	84	59.9	0
20130630	72.7	65	965.8	7.9	2	8.9	84.2	63.7	0.05
20130701	73.3	64.7	970.6	9.4	3.7	9.9	83.1	67.6	0.2
20130702	73	66.6	975.2	9.7	4.7	11.1	76.8	69.4	0
20130703	72.5	66.9	980.2	9.3	3.1	8	79.2	69.3	0.21
20130704	74.4	67.5	981.5	9.6	4.1	12	83.3	67.1	0.46
20130705	75.1	66.6	981.2	9.2	4	14	85.1	64.8	0.15
20130706	76.9	66.2	980.1	9.9	4	9.9	86.5	66.6	0.02
20130707	75.1	65.2	977.9	9.9	5.2	12	87.3	67.5	0
20130708	71.5	63.9	977.9	10	2.2	8.9	82.8	61.7	0.07
20130709	73.7	65.8	977.9	9	1.4	7	81.5	66.9	0.06
20130710	75.1	68.2	974.7	9.8	2.5	12	84.2	68.5	0
20130711	74.7	66.1	971.6	10	4	8	82.8	69.1	NA
20130712	67	62.5	973.3	8.3	5.5	11.1	73	63.5	1.55
20130713	69.7	63.4	978.2	7.4	1.6	5.1	79.3	62.6	0
20130714	74.8	65.7	983.6	9.2	3.4	9.9	84.7	64.4	0.06
20130715	76.1	65.2	984.5	9.3	1.2	6	88.5	62.8	0
20130716	78.4	68.2	983	9.5	2.6	8.9	90	66.6	0
20130717	78.7	69.2	982	8.5	2.1	8.9	89.4	69.4	NA
20130718	79.1	69.7	979	7	0.8	4.1	91	68.2	0
20130719	79.1	70	975.5	7.1	1.6	8.9	92.3	68.9	NA
20130720	77.3	67.3	972.1	9	3.5	12	88.9	69.8	NA
20130721	72.5	64.6	972.3	9.2	1.9	12	87.8	64.4	0.05
20130722	74.2	68.2	971.2	8.1	2.2	9.9	85.1	66.4	0.34
20130723	75.3	65.2	966.4	9.5	3	8	87.3	67.1	0.02
20130724	73.3	62.9	966.9	9.3	2.9	9.9	82.6	64	NA
20130725	69.1	54.3	972.8	10	5.4	11.1	77.2	61	0
20130726	66.6	55.2	976.2	9.1	2.2	8.9	81.7	51.3	0
20130727	68.4	62.4	974.5	8.7	2.9	9.9	75.2	60.8	0.02
20130728	72.6	61.5	971.6	10	3.3	8	83.3	64.8	NA
20130729	68.4	53	976.3	9.9	1.6	7	79.3	52.9	0
20130730	67.4	53	980.5	8.9	2.1	7	80.1	51.4	0
20130731	67.3	60.4	978.4	8.3	1.1	8	80.4	60.3	NA
20130801	69.8	63.6	971	7.4	1.6	8	82.8	60.3	0.23
20130802	71	59.5	972.6	7.7	2.6	9.9	83.3	56.5	0.19
20130803	69.2	58.7	973.5	10	1.4	6	83.3	56.5	0
20130804	69.1	55.1	973.6	8.6	2.8	11.1	81.7	56.3	0.01
20130805	64.4	51	976.4	9.9	2.6	8	81.7	48.7	0
20130806	69.5	60.3	974.5	9.5	2.3	8.9	80.4	48.7	0.02
20130807	72.2	64.9	975.3	8.6	2.6	11.1	82	63	0
20130808	73.7	67	974.9	9.1	3.7	13	82.8	65.3	0.02
20130809	77.9	67.5	973	8.9	6.5	15	90.7	66.6	NA
20130810	74.5	67.2	975	8.6	1.9	8	90.7	67.8	0.44
20130811	73.6	67.2	976.8	8.6	1.9	7	82	67.1	0.91
20130812	74.3	65.5	974.8	6.7	0.9	7	85.6	64.2	0.03
20130813	75.3	64.9	969.5	8.6	2.1	8	85.6	64.2	0
20130814	68.2	50.1	972.4	10	6.6	12	84	58.1	0
20130815	60	47	978.7	9.8	2	7	73.6	44.8	0
20130816	60.8	49.6	978.9	8.5	1.1	6	75.4	44.8	0
20130817	61.3	51.2	981.1	8.4	1.6	8	77.5	46.4	0
20130818	63.4	58.3	981	7.8	2.2	6	77.5	47.5	0.7
20130819	67.3	61.9	978.8	9.1	2	6	78.4	59.4	0.26
20130820	70.5	63.6	978.7	7	1.9	6	83.3	60.3	0
20130821	71.7	65.2	979.8	7.8	2.2	13	84.4	60.3	0.03
20130822	70.3	62.5	977.2	8.5	2.2	6	84.4	60.1	0.01
20130823	66.5	63.3	974.9	6.4	2.3	11.1	84	60.1	0.62
20130824	63.6	57	981.3	4.4	1.2	8.9	77.9	53.2	0.01
20130825	63.4	54.1	985.5	7.6	1.1	7	79	50	0
20130826	67.1	55.5	982.1	9.6	1.5	8	82.2	50	0
20130827	72	61	974.9	9.4	1.6	9.9	87.6	52.7	NA
20130828	71.3	66.7	972.2	5.6	2.1	7	87.6	60.3	0.02
20130829	73.9	67.6	972	7.4	3.5	9.9	81.7	68.2	0.4
20130830	71.5	63.2	974.7	5.6	3.2	9.9	84.2	61.7	0.01
20130831	72.1	65	970.8	8.2	3.5	13	85.6	61.7	0
20130901	69.8	64.8	969.5	6.3	1.3	11.1	85.6	59.4	0.88
20130902	73.8	66.2	968.2	6.2	2.5	8.9	86	59.4	0.08
20130903	73.5	62.2	968.8	8.5	3	8	86	62.8	0
20130904	65.5	53.8	975.4	9	1.4	5.1	83.7	50	0
20130905	65	53.8	976.6	7.4	1.7	8.9	84.2	48.2	0
20130906	64.3	50.6	979.7	10	1.5	6	84.2	48.2	0
20130907	62.6	51.9	977	9.7	1.6	6	79.2	48	0
20130908	69.3	58.6	972.5	9	1.4	7	87.1	48	0
20130909	71.1	60.9	977.4	9	2.9	8	87.1	55.8	0
20130910	73.3	63.5	979.5	8.8	2.4	8	88.7	63.5	0
20130911	76.2	66.3	979	7.6	1.8	8	88.7	63.5	0
20130912	74.9	64.2	972.8	7.3	1.8	17.1	89.2	63	NA
20130913	68	53.9	967.9	9.8	4.9	15.9	75.7	58.8	NA
20130914	57.3	42.8	974.8	10	5.4	9.9	75.9	46	0
20130915	56	45	979.3	9	3.8	13	76.1	38.3	0
20130916	59.9	53.4	977.8	9.4	3.6	13	76.1	38.3	NA
20130917	54.7	47.1	983.8	7.5	1.9	8.9	67.6	45.9	0
20130918	51.3	42.2	983	9.3	2	8.9	69.1	34.3	0
20130919	62.4	51.8	978.7	10	2	8.9	76.5	50.9	0
20130920	65.1	57.6	975.6	8.7	2.4	8.9	77.5	51.3	0
20130921	65.4	60.8	969.3	7.1	5.3	12	77.5	56.7	0.54
20130922	60.6	53	967.9	5.4	2.4	8	72	50.9	0.01
20130923	55.5	43.5	974.2	9.5	3.4	9.9	72	40.3	0
20130924	57.3	48.1	975.7	9.3	1.2	5.1	71.2	40.3	0
20130925	57.7	49.7	972.1	6.5	1.1	6	72.1	48.2	0
20130926	62.4	49.9	972.6	9.3	2.2	9.9	75.7	48.2	NA
20130927	55.5	45.9	978	9.6	0.9	6	75.7	41	0
20130928	57.9	50.4	981.6	8.2	1.7	8	71.6	41	0
20130929	59.3	48.6	979.1	9.5	1.4	8	71.6	46.9	0
20130930	56.9	46	975.6	10	1.2	5.1	75.7	42.4	0
20131001	65.4	52.3	975.7	10	0.9	6	80.1	42.4	0
20131002	62.6	51.1	976.5	9	0.2	6	82	45.3	0
20131003	63.5	54.2	977.4	8.7	1.8	8	82	45.3	0
20131004	65.2	55.5	976.9	7.8	0.7	8	83.5	49.6	0
20131005	67.6	57.8	977.1	6.8	1.2	8.9	86	49.8	0
20131006	68.5	57.1	974.2	8.8	3	13	86	53.4	0
20131007	67.2	58.3	969.4	8.6	5.9	9.9	84.6	53.4	0.82
20131008	52.7	41	979.1	10	2.4	8	69.6	41.2	0.9
20131009	51.1	43.9	982.5	10	3.2	9.9	65.3	41.2	0.03
20131010	51	48.4	978.9	6.2	5.7	9.9	57.9	44.2	0.14
20131011	55.3	52.4	974	9.1	6.1	8.9	59.9	49.1	0.37
20131012	58.9	56.8	975.4	6.3	5.3	9.9	61.9	52.9	0
20131013	57.8	55.9	980.7	4.5	5.1	8.9	61.9	55.9	0.06
20131014	57.5	54.3	983	5.5	2.3	6	63.7	54.9	0.3
20131015	56.5	52.4	980.3	5.7	0.6	2.9	66	48.2	0
20131016	57.1	51.3	974.9	8.6	1.8	7	69.1	46.4	0
20131017	62.1	56.3	969.9	10	2.3	7	69.1	46.4	0.01
20131018	56.4	40.9	971.6	9.6	3.7	14	68.4	44.1	0
20131019	48.8	43.6	970.9	9	1.5	8	63.5	38.3	0
20131020	50.9	33	973.1	10	3.2	12	61.7	36.5	0
20131021	46.2	35	976	10	2.6	9.9	66.4	31.1	0
20131022	52.7	41.2	970.2	9.8	3.1	12	66.4	31.1	0
20131023	47.9	35.4	965.8	10	3.7	15	66.4	40.1	NA
20131024	42.5	27.1	973.1	10	4.8	11.1	57.4	34.2	0
20131025	37.5	22.4	980.5	10	2	9.9	51.1	24.4	0
20131026	35.7	22.3	980	10	3.5	15	54	21.9	0
20131027	48.3	29.6	973.7	10	2.9	8.9	61.2	21.9	0
20131028	42.7	32.7	979	9.8	0.9	6	63.5	28.8	0
20131029	50.1	39.1	982.8	9.5	0.9	4.1	64.4	28.8	0
20131030	54.9	47.7	981.1	9.2	1.3	9.9	66.6	47.7	0.05
20131031	58.7	51.2	975.7	8.3	4.3	21	70.5	48.6	0.01
20131101	65.8	51.9	962.2	10	9.8	21	72.9	48.7	0.09
20131102	51.6	37.9	964	10	3.4	14	72.9	38.8	0
20131103	45.3	28.7	975.6	9.9	3.8	12	64.9	31.5	0
20131104	34.6	23.8	988.9	10	1.1	5.1	56.1	23.9	0
20131105	38.7	29.1	990.8	10	1.1	8	52.9	23.9	0
20131106	53.8	42.6	984.9	10	4.5	17.1	67.5	46.9	0
20131107	51.4	42.2	973.5	10	4.7	15	67.8	38.8	0.01
20131108	42.1	21	978.3	9.9	5.2	15.9	61	30.2	0
20131109	36.1	21.6	981.5	10	3.9	15	55	21.2	0
20131110	49.8	24.7	974.9	10	7.7	17.1	64.2	21.2	0
20131111	41.9	21.2	980.7	10	4.7	14	64.2	26.8	0
20131112	42.2	20.3	977.3	10	7.9	17.1	60.8	26.8	0
20131113	30.9	11.5	986.9	10	3.7	11.1	51.8	19	NA
20131114	34.3	12.2	984.1	10	2.7	11.1	58.5	17.1	0
20131115	41.7	15.8	980.5	10	2.3	11.1	62.2	17.1	0
20131116	46.9	40.5	980.9	7.6	1.7	7	62.2	24.1	0.16
20131117	54.7	50.1	977.2	9.5	4.8	8.9	61.5	37.6	0
20131118	58.2	39.1	967.4	9.9	7.3	18.1	63.1	50.2	0.08
20131119	43	21.6	975.8	10	7.2	15	63.1	32.2	0
20131120	35.1	21.4	986.3	10	3.4	7	46.6	28.6	0
20131121	36.1	27.3	988.7	10	0.8	6	48.7	24.3	0
20131122	52	43.2	981.4	10	4.5	12	64.4	27.7	NA
20131123	50.2	31.6	976.2	10	7.3	13	64.4	37.8	0
20131124	27.2	3.8	983	9.9	10.5	15.9	38.3	20.1	NA
20131125	21.3	5.3	987.8	10	3.1	9.9	36.9	10.9	0
20131126	34.4	21.1	979	8	3.7	11.1	41	31.6	0.99
20131127	35.1	31.3	962.2	6.7	4.7	14	41.4	31.5	0.56
20131128	27.8	11.6	979.4	10	4.7	15.9	37.4	16.9	0
20131129	28.3	18.1	988.7	10	0.7	5.1	39.9	15.3	0
20131130	25.9	17.1	992.6	9.8	2	8	39.9	14	0
20131201	32	19.9	978.7	9.9	1.7	8.9	51.4	14	0
20131202	43.9	30.6	970.9	10	0.8	5.1	52.7	38.3	0
20131203	43.3	34.2	969.2	9	0.5	7	57.2	34.5	0
20131204	46.3	38.7	972.6	9.5	2	7	61.3	34.5	0
20131205	54.9	48.9	973.7	7.3	2.8	11.1	68	36.5	0
20131206	54.7	51.6	972.1	7.8	5.2	15	68	40.1	0.03
20131207	37.7	32.7	981.2	9.3	7.1	12	40.5	32	1.05
20131208	28.5	22.9	987.9	7.7	3	8.9	41	26.4	0
20131209	35.6	32.8	977.3	6.6	1.4	9.9	52	26.4	1.2
20131210	35.8	30.6	973.7	7.3	2.7	15	52	29.3	0.16
20131211	30.3	14.1	981.3	10	4.9	8.9	41.5	21.9	0.16
20131212	29.8	8.8	982.3	10	3.2	8.9	41.5	21.9	0
20131213	30.3	7.4	981.1	10	6.2	11.1	43.2	22.1	0
20131214	32	25.2	979.3	5.6	0.7	5.1	43.2	23	0.04
20131215	36.3	28.8	965.5	6.3	4	14	44.6	30.2	0.19
20131216	35	23.1	973.3	10	5.2	9.9	44.6	30.4	0
20131217	36.6	28.3	973.3	9.2	3.6	20	52	24.8	0
20131218	34.6	19.7	975	10	5.5	13	52	23.9	0
20131219	41.5	17.8	978.1	10	6.3	15	62.2	23.9	0
20131220	45.7	24.2	976.2	10	3.7	12	62.8	29.5	0
20131221	56.1	39.5	973.5	10	6.5	19	68.4	31.6	0
20131222	63.8	55.4	971.4	9.9	8.7	21	69.1	43.2	0.27
20131223	55.8	50.6	973.5	9.4	4.5	13	69.1	41.9	1
20131224	32.1	21.2	980.4	9.9	5.2	15	41.4	23.7	0.01
20131225	21.9	7.7	987.2	10	3.1	8.9	37.2	12.6	0
20131226	30.7	12.9	981.5	10	5	15.9	45.5	12.6	0
20131227	30.8	15.7	984.4	10	2.6	8.9	49.3	17.6	0
20131228	34.8	18.3	982.6	10	3	11.1	54.9	17.6	0
20131229	42.1	33.5	970.5	7.4	2.5	12	49.3	37.6	0.8
20131230	40.6	30.6	970.8	10	4.1	9.9	49.5	32	0.7
20131231	33.8	20.9	976.9	10	5.3	22	43.2	27.9	0
